1.419615975717603931e+02 2.995855958609175218e+02
1.944919092426835050e+02 2.995855958609175218e+02
2.598629637664989787e+02 2.926033737488945121e+02
3.228993377716067243e+02 2.953962625937037387e+02
1.232841534220988251e+02 2.618815964559933036e+02
1.863205274272065708e+02 2.660709297232070867e+02
1.676430832775450028e+02 2.870175960592761157e+02
1.676430832775450028e+02 3.135500400849635412e+02
2.902138105096989875e+02 2.814318183696577194e+02
2.913811507690527947e+02 3.093607068177497581e+02
2.330141378013604481e+02 3.889580388948120344e+02
1.968265897613911761e+02 3.777864835155752417e+02
2.715363663600374480e+02 3.652184837139338356e+02
2.306794572826527201e+02 3.554433727571015993e+02
2.084999923549296739e+02 3.149464845073681545e+02
2.458548806542527814e+02 3.135500400849635412e+02
2.575282832477912507e+02 2.660709297232070867e+02
3.392421014025605359e+02 2.604851520335886903e+02
1.793164858710834721e+02 4.350407048341639324e+02
3.053892338812989919e+02 4.252655938773316961e+02
2.120020131329912090e+02 4.587802600150421313e+02
2.551936027290835511e+02 4.504015934806145651e+02
2.341814780607142836e+02 4.196798161877132998e+02
2.096673326142834810e+02 4.168869273429040732e+02
2.680343455819759129e+02 4.168869273429040732e+02
2.330141378013604481e+02 4.615731488598513579e+02
2.353488183200681476e+02 5.299989255576768983e+02
2.411855196168373539e+02 1.180478209483192273e+02
2.225080754671758143e+02 2.171953749390459620e+02
3.415767819212682639e+02 1.152549321035100292e+02
1.466309586091757637e+02 1.375980428619836573e+02
1.921572287239757770e+02 1.278229319051514352e+02
2.890464702503451804e+02 1.096691544138916186e+02
1.221168131627449753e+02 1.836807088013355269e+02
1.081087300504988207e+02 2.269704858958781699e+02
1.081087300504988207e+02 2.981891514385129085e+02
8.592926512277571760e+01 2.507100410767564540e+02
9.293330667889880203e+01 1.208407097931284255e+02
1.548023404246526979e+02 5.241493309530293487e+01
2.283447767639450774e+02 2.169315580240169439e+01
3.264013585496682026e+02 3.845048887125691550e+01
2.727037066193913120e+02 1.750382253518789000e+01
1.162801118659757549e+02 7.894737712099036742e+01
3.637562468489913385e+02 1.529589315084342900e+02
3.847683715173606060e+02 1.878700420685493384e+02
3.836010312580067421e+02 2.353491524303057929e+02
3.847683715173606060e+02 2.926033737488945121e+02
3.672582676270528736e+02 6.637937731934896135e+01
4.046131559263760096e+02 1.012904878794640098e+02
4.314619818915144833e+02 1.934558197581677348e+02
4.232906000760374923e+02 1.445802649740066670e+02
4.081151767044375447e+02 2.800353739472531061e+02
4.302946416321606193e+02 2.786389295248484927e+02
4.069478364450836807e+02 3.861651500500028646e+02
4.232906000760374923e+02 3.400824841106509666e+02
3.871030520360682772e+02 3.414789285330555799e+02
1.104434105692065060e+02 3.400824841106509666e+02
1.092760703098526562e+02 3.847687056275982513e+02
1.197821326440372900e+02 4.294549271445455361e+02
1.372922365343449940e+02 4.685553709718744244e+02
1.781491456117296366e+02 5.034664815319894160e+02
3.007198728438835929e+02 5.132415924888216523e+02
3.602542260709298034e+02 4.755375930838973773e+02
3.836010312580067421e+02 4.224727050325225264e+02
1.466309586091757637e+02 3.791829279379798550e+02
3.240666780309605883e+02 3.722007058259568453e+02
1.711451040556065379e+02 1.962487086029769330e+02
2.960505118064682506e+02 1.739055978445033190e+02
2.306794572826527201e+02 1.613375980428618846e+02
1.197821326440372900e+02 5.160344813336308789e+02
3.573363397056030522e+01 5.523420363161504838e+02
1.466309586091757637e+02 5.034664815319894160e+02
3.836010312580067421e+02 5.006735926871801894e+02
5.236818623804683739e+02 5.341882588248907950e+02
4.244579403353913563e+02 4.783304819287066039e+02
4.653148494127760273e+02 5.174309257560355491e+02
3.929397533328375403e+02 4.434193713685915554e+02
7.775788330729879760e+01 5.272060367128676717e+02
4.215446968006413719e+00 5.607207028505781636e+02
2.948831715471143866e+02 2.409349301199241893e+02
1.524676599059449984e+02 2.521064854991610673e+02
2.680343455819759129e+02 5.872531468762656459e+02
1.956592495020373406e+02 5.844602580314564193e+02
3.123932754374220622e+02 5.858567024538609758e+02
3.579195455522221323e+02 5.467562586265321443e+02
