1.571741635879764090e+02 2.939998181712992391e+02
2.237125583711456613e+02 2.828282627920623895e+02
2.995896752291457688e+02 2.800353739472532197e+02
3.742994518277919269e+02 2.814318183696577762e+02
1.291579973634840712e+02 2.688638185680163701e+02
2.248798986304995253e+02 2.479171522319473127e+02
1.863576700718225823e+02 2.702602629904209266e+02
1.910270311092379529e+02 3.037749291281313617e+02
3.381119037878226550e+02 2.604851520335887471e+02
3.381119037878226550e+02 2.995855958609176355e+02
2.680714882265918391e+02 3.708042614035522888e+02
2.190431973337302907e+02 3.568398171795062694e+02
3.112630778226841812e+02 3.442718173778648634e+02
2.657368077078841679e+02 3.344967064210326271e+02
2.400553220020995298e+02 3.023784847057268053e+02
2.879162726356072426e+02 2.981891514385129653e+02
2.960876544510841768e+02 2.437278189647335580e+02
3.894748751993919313e+02 2.493135966543519544e+02
2.085371349995456569e+02 4.210762606101179699e+02
3.346098830097611767e+02 4.182833717653087433e+02
2.540634051143456986e+02 4.378335936789731591e+02
2.995896752291457688e+02 4.336442604117594328e+02
2.739081895233611021e+02 4.029224831188581675e+02
2.482267038175764355e+02 4.029224831188581675e+02
2.960876544510841768e+02 4.001295942740489409e+02
2.774102103014226373e+02 4.448158157909962256e+02
2.750755297827149093e+02 5.174309257560355491e+02
2.540634051143456986e+02 9.710115461225032618e+01
2.552307453736995626e+02 2.018344862925954715e+02
3.486179661220073172e+02 1.054798211466779350e+02
1.688475661815148783e+02 1.250300430603423649e+02
2.120391557776071920e+02 9.989404345705952437e+01
3.054263765259149750e+02 9.710115461225032618e+01
1.361620389196071415e+02 1.571482647756482152e+02
1.209866155480071512e+02 2.032309307150000564e+02
1.081458726951148321e+02 2.730531518352301532e+02
9.063576880480712816e+01 2.255740414734736703e+02
1.058111921764071468e+02 1.403909317067929692e+02
1.770189479969917841e+02 6.917226616415828744e+01
2.447246830395149289e+02 4.263982213847084779e+01
3.264385011942842425e+02 5.520782194011226096e+01
2.809122310794841724e+02 4.124337771606624159e+01
1.443334207350841041e+02 9.011893250022731650e+01
3.696300907903765847e+02 1.320122651723653746e+02
3.859728544213303962e+02 1.739055978445034327e+02
4.046502985709919926e+02 2.088167084046184812e+02
4.139890206458227340e+02 2.576922631887795774e+02
3.602913687155457865e+02 8.034382154339509441e+01
3.953115764961611944e+02 1.166513765259147419e+02
4.268297634987150104e+02 2.046273751374046697e+02
4.186583816832381331e+02 1.557518203532436019e+02
4.233277427206535322e+02 2.926033737488945690e+02
4.443398673890227428e+02 2.688638185680163701e+02
4.326664647954842735e+02 3.889580388948121481e+02
4.490092284264381419e+02 3.386860396882464670e+02
4.233277427206535322e+02 3.303073731538188440e+02
1.093132129544686677e+02 3.219287066193912779e+02
1.128152337325302312e+02 3.749935946707661287e+02
1.303253376228379352e+02 4.140940384980949602e+02
1.536721428099148454e+02 4.671589265494698680e+02
1.968637324060072160e+02 4.978807038423710765e+02
3.404465843065303829e+02 4.964842594199664632e+02
3.918095557180996025e+02 4.587802600150422450e+02
4.093196596084073349e+02 4.280584827221409796e+02
1.653455454034533432e+02 3.638220392915293360e+02
3.672954102716688567e+02 3.512540394898878731e+02
1.910270311092379529e+02 1.766984866893126309e+02
3.194344596381611154e+02 1.515624870860297904e+02
2.552307453736995626e+02 1.459767093964113940e+02
1.490027817724994748e+02 5.718922582298149564e+02
5.678290128354566235e+01 6.165784797467622411e+02
1.676802259221610143e+02 5.299989255576768983e+02
3.906422154587457953e+02 5.383775920921044644e+02
5.248863452844382209e+02 6.123891464795484580e+02
4.525112492044996770e+02 5.467562586265321443e+02
4.805274154289920716e+02 5.928389245658839855e+02
3.941442362368073304e+02 5.090522592216079261e+02
1.163172545105917663e+02 6.068033687899300048e+02
1.475865194680717885e+01 6.333358128156174871e+02
3.462832856032995892e+02 2.283669303182828685e+02
1.770189479969917841e+02 2.381420412751151332e+02
2.902509531543149706e+02 5.886495912986702024e+02
2.073697947401918213e+02 6.207678130139760242e+02
4.116543401271150628e+02 6.221642574363805807e+02
4.291644440174227384e+02 5.942353689882885419e+02
